100
20
10
1 1 1 0
2 9 5 0
3 9 4 0
4 9 3 0
5 4 9 0
6 5 9 0
7 2 8 0
8 7 3 0
9 8 1 0
10 5 7 0
11 7 4 0
12 6 3 0
13 2 1 0
14 8 4 0
15 1 2 0
16 6 8 0
17 9 9 0
18 6 7 0
19 9 2 0
20 6 2 1
21 6 6 0
22 4 3 0
23 5 2 0
24 8 4 0
25 8 7 0
26 2 9 0
27 8 8 0
28 9 2 0
29 1 7 0
30 4 5 0
31 9 7 1
32 8 4 0
33 4 9 0
34 6 8 0
35 9 8 0
36 2 2 0
37 4 3 0
38 5 8 1
39 5 6 0
40 1 7 0
41 5 6 0
42 4 3 0
43 9 8 0
44 1 7 0
45 1 9 0
46 8 5 0
47 6 5 0
48 7 2 1
49 1 3 0
50 5 3 0
51 8 8 0
52 4 5 0
53 4 4 0
54 4 7 0
55 5 4 0
56 9 8 0
57 1 6 0
58 4 6 1
59 9 7 1
60 9 3 0
61 8 4 0
62 4 7 0
63 8 9 1
64 4 7 0
65 5 8 0
66 8 4 0
67 1 3 0
68 7 9 1
69 9 5 0
70 2 4 0
71 6 5 0
72 7 4 0
73 9 7 0
74 9 6 0
75 3 6 1
76 1 7 0
77 3 6 0
78 8 5 0
79 9 1 0
80 6 4 0
81 3 9 0
82 4 4 1
83 6 3 0
84 1 7 0
85 9 1 0
86 5 9 0
87 2 5 0
88 1 5 0
89 8 7 0
90 2 1 0
91 1 2 0
92 5 9 0
93 4 7 0
94 2 4 0
95 2 5 0
96 2 3 0
97 7 8 0
98 2 7 0
99 6 3 0
100 5 8 0